# x	y	u	v	flags	mask
3.2000e+01	1.8800e+03	-1.0343e-01	7.4199e-02	0.0000e+00	0.0000e+00
8.8000e+01	1.8800e+03	-2.7335e+00	2.0259e-01	0.0000e+00	0.0000e+00
1.4400e+02	1.8800e+03	-2.1793e+01	-5.2093e+00	0.0000e+00	0.0000e+00
2.0000e+02	1.8800e+03	1.3631e+00	-1.5527e+01	0.0000e+00	0.0000e+00
2.5600e+02	1.8800e+03	-7.9893e-01	-7.2454e+00	0.0000e+00	0.0000e+00
3.1200e+02	1.8800e+03	-2.9965e+00	-1.5605e+01	0.0000e+00	0.0000e+00
3.6800e+02	1.8800e+03	1.2714e+01	-4.8158e+00	0.0000e+00	0.0000e+00
4.2400e+02	1.8800e+03	1.5731e+01	-6.2629e+00	0.0000e+00	0.0000e+00
4.8000e+02	1.8800e+03	2.2272e+01	-1.5773e+01	0.0000e+00	0.0000e+00
5.3600e+02	1.8800e+03	-3.0789e+01	-2.7274e+01	0.0000e+00	0.0000e+00
5.9200e+02	1.8800e+03	-1.5669e+01	-1.1137e+01	0.0000e+00	0.0000e+00
6.4800e+02	1.8800e+03	7.1848e-01	-2.8328e+00	0.0000e+00	0.0000e+00
7.0400e+02	1.8800e+03	-1.5829e+01	-1.5465e+01	0.0000e+00	0.0000e+00
7.6000e+02	1.8800e+03	2.3385e+01	2.6309e+00	0.0000e+00	0.0000e+00
8.1600e+02	1.8800e+03	8.2076e-01	-2.0562e+00	0.0000e+00	0.0000e+00
8.7200e+02	1.8800e+03	9.9372e+00	-1.4993e+01	0.0000e+00	0.0000e+00
9.2800e+02	1.8800e+03	2.1892e-01	-1.1784e-01	0.0000e+00	0.0000e+00
9.8400e+02	1.8800e+03	2.7104e+01	1.1467e+01	0.0000e+00	0.0000e+00
1.0400e+03	1.8800e+03	-1.2165e+01	-1.5695e+01	0.0000e+00	0.0000e+00
3.2000e+01	1.8240e+03	-1.5952e+01	7.7302e+00	0.0000e+00	0.0000e+00
8.8000e+01	1.8240e+03	-4.0028e-02	2.0254e-01	0.0000e+00	0.0000e+00
1.4400e+02	1.8240e+03	1.8545e+00	-1.2395e+00	0.0000e+00	0.0000e+00
2.0000e+02	1.8240e+03	7.5903e+00	-1.5798e+01	0.0000e+00	0.0000e+00
2.5600e+02	1.8240e+03	1.5562e+01	-1.5522e+01	0.0000e+00	0.0000e+00
3.1200e+02	1.8240e+03	-1.1851e+00	3.5614e+00	0.0000e+00	0.0000e+00
3.6800e+02	1.8240e+03	-1.7003e+00	-1.1452e+01	0.0000e+00	0.0000e+00
4.2400e+02	1.8240e+03	8.2228e-02	-4.4540e-01	0.0000e+00	0.0000e+00
4.8000e+02	1.8240e+03	1.6052e+01	6.2249e-01	0.0000e+00	0.0000e+00
5.3600e+02	1.8240e+03	-1.3236e+01	-2.9002e+00	0.0000e+00	0.0000e+00
5.9200e+02	1.8240e+03	7.7069e-01	-4.2464e+00	0.0000e+00	0.0000e+00
6.4800e+02	1.8240e+03	8.8312e-02	5.8454e-01	0.0000e+00	0.0000e+00
7.0400e+02	1.8240e+03	-1.7632e+01	1.4953e+01	0.0000e+00	0.0000e+00
7.6000e+02	1.8240e+03	5.8789e-01	-1.5597e+01	0.0000e+00	0.0000e+00
8.1600e+02	1.8240e+03	4.0460e+00	1.1995e+00	0.0000e+00	0.0000e+00
8.7200e+02	1.8240e+03	1.2798e+01	7.4079e-01	0.0000e+00	0.0000e+00
9.2800e+02	1.8240e+03	-4.7511e+00	1.1240e+00	0.0000e+00	0.0000e+00
9.8400e+02	1.8240e+03	-2.8864e+01	2.1235e+01	0.0000e+00	0.0000e+00
1.0400e+03	1.8240e+03	-2.8901e+00	-1.8399e+00	0.0000e+00	0.0000e+00
3.2000e+01	1.7680e+03	-1.5595e+01	8.9241e+00	0.0000e+00	0.0000e+00
8.8000e+01	1.7680e+03	-6.2710e-02	7.1895e-02	0.0000e+00	0.0000e+00
1.4400e+02	1.7680e+03	1.1331e+01	-1.5520e+01	0.0000e+00	0.0000e+00
2.0000e+02	1.7680e+03	1.4144e+01	-1.1553e+01	0.0000e+00	0.0000e+00
2.5600e+02	1.7680e+03	1.5640e+01	1.1475e+01	0.0000e+00	0.0000e+00
3.1200e+02	1.7680e+03	2.5986e+01	1.2201e+01	0.0000e+00	0.0000e+00
3.6800e+02	1.7680e+03	-2.6684e+01	-1.4224e+01	0.0000e+00	0.0000e+00
4.2400e+02	1.7680e+03	1.4316e+01	2.0239e+00	0.0000e+00	0.0000e+00
4.8000e+02	1.7680e+03	-1.3878e-01	8.7298e-01	0.0000e+00	0.0000e+00
5.3600e+02	1.7680e+03	1.1615e+00	-6.0562e-01	0.0000e+00	0.0000e+00
5.9200e+02	1.7680e+03	-1.5756e+01	-1.0944e+01	0.0000e+00	0.0000e+00
6.4800e+02	1.7680e+03	1.9038e+01	2.5835e+01	0.0000e+00	0.0000e+00
7.0400e+02	1.7680e+03	-2.9361e+01	-2.2645e+01	0.0000e+00	0.0000e+00
7.6000e+02	1.7680e+03	4.3824e+00	-1.5582e+01	0.0000e+00	0.0000e+00
8.1600e+02	1.7680e+03	9.9363e-02	-3.2342e-01	0.0000e+00	0.0000e+00
8.7200e+02	1.7680e+03	-3.7176e+00	6.8216e+00	0.0000e+00	0.0000e+00
9.2800e+02	1.7680e+03	-1.2869e+00	-2.2486e+01	0.0000e+00	0.0000e+00
9.8400e+02	1.7680e+03	1.0991e-01	5.7425e-01	0.0000e+00	0.0000e+00
1.0400e+03	1.7680e+03	-1.9417e-01	-3.6687e+00	0.0000e+00	0.0000e+00
3.2000e+01	1.7120e+03	-1.5068e+01	1.7695e+01	0.0000e+00	0.0000e+00
8.8000e+01	1.7120e+03	-1.8392e+01	1.8167e+01	0.0000e+00	0.0000e+00
1.4400e+02	1.7120e+03	3.6929e-01	6.2397e-01	0.0000e+00	0.0000e+00
2.0000e+02	1.7120e+03	7.4483e+00	-8.4439e-01	0.0000e+00	0.0000e+00
2.5600e+02	1.7120e+03	2.6301e+01	-1.7300e+00	0.0000e+00	0.0000e+00
3.1200e+02	1.7120e+03	-2.4500e+01	-1.5749e+01	0.0000e+00	0.0000e+00
3.6800e+02	1.7120e+03	1.5651e+01	2.8891e+00	0.0000e+00	0.0000e+00
4.2400e+02	1.7120e+03	-4.7358e+00	3.1048e+00	0.0000e+00	0.0000e+00
4.8000e+02	1.7120e+03	-1.4687e+01	2.7969e+01	0.0000e+00	0.0000e+00
5.3600e+02	1.7120e+03	2.6776e+01	-2.0273e+01	0.0000e+00	0.0000e+00
5.9200e+02	1.7120e+03	1.9787e+01	2.7393e+01	0.0000e+00	0.0000e+00
6.4800e+02	1.7120e+03	1.5556e+01	3.9881e+00	0.0000e+00	0.0000e+00
7.0400e+02	1.7120e+03	8.3873e+00	-1.9072e+00	0.0000e+00	0.0000e+00
7.6000e+02	1.7120e+03	7.9307e-01	1.3416e-01	0.0000e+00	0.0000e+00
8.1600e+02	1.7120e+03	8.4691e+00	-1.5836e+01	0.0000e+00	0.0000e+00
8.7200e+02	1.7120e+03	-1.2050e+01	5.4835e+00	0.0000e+00	0.0000e+00
9.2800e+02	1.7120e+03	-9.2230e-01	2.6128e+01	0.0000e+00	0.0000e+00
9.8400e+02	1.7120e+03	1.7995e+01	-1.3982e+01	0.0000e+00	0.0000e+00
1.0400e+03	1.7120e+03	2.9979e+01	-1.5576e+01	0.0000e+00	0.0000e+00
3.2000e+01	1.6560e+03	-1.1264e-01	1.0082e-02	0.0000e+00	0.0000e+00
8.8000e+01	1.6560e+03	1.5545e+01	-1.5550e+01	0.0000e+00	0.0000e+00
1.4400e+02	1.6560e+03	3.0297e+01	3.0670e+01	0.0000e+00	0.0000e+00
2.0000e+02	1.6560e+03	-1.9447e+00	1.4711e+00	0.0000e+00	0.0000e+00
2.5600e+02	1.6560e+03	2.5690e+00	-3.4896e+00	0.0000e+00	0.0000e+00
3.1200e+02	1.6560e+03	9.1274e-01	-9.6803e+00	0.0000e+00	0.0000e+00
3.6800e+02	1.6560e+03	2.5727e+00	-1.4199e+00	0.0000e+00	0.0000e+00
4.2400e+02	1.6560e+03	1.9576e+01	1.7381e+01	0.0000e+00	0.0000e+00
4.8000e+02	1.6560e+03	-2.2625e+01	1.5937e+01	0.0000e+00	0.0000e+00
5.3600e+02	1.6560e+03	-1.5873e+01	4.5195e+00	0.0000e+00	0.0000e+00
5.9200e+02	1.6560e+03	-5.0103e+00	-1.0905e+01	0.0000e+00	0.0000e+00
6.4800e+02	1.6560e+03	-2.9411e+01	2.7341e+01	0.0000e+00	0.0000e+00
7.0400e+02	1.6560e+03	4.6097e+00	6.0232e+00	0.0000e+00	0.0000e+00
7.6000e+02	1.6560e+03	-1.5682e+01	4.7386e+00	0.0000e+00	0.0000e+00
8.1600e+02	1.6560e+03	-6.3082e-01	1.3834e+00	0.0000e+00	0.0000e+00
8.7200e+02	1.6560e+03	-1.2683e+01	-4.2852e+00	0.0000e+00	0.0000e+00
9.2800e+02	1.6560e+03	4.2124e+00	1.2098e+01	0.0000e+00	0.0000e+00
9.8400e+02	1.6560e+03	-2.7425e+01	2.2105e+01	0.0000e+00	0.0000e+00
1.0400e+03	1.6560e+03	7.5759e-02	-4.3342e-01	0.0000e+00	0.0000e+00
3.2000e+01	1.6000e+03	-1.0000e+01	7.8431e+00	0.0000e+00	0.0000e+00
8.8000e+01	1.6000e+03	1.5661e+01	1.5484e+01	0.0000e+00	0.0000e+00
1.4400e+02	1.6000e+03	-1.6309e+01	2.1486e+01	0.0000e+00	0.0000e+00
2.0000e+02	1.6000e+03	1.0176e+01	-7.8614e+00	0.0000e+00	0.0000e+00
2.5600e+02	1.6000e+03	-2.0708e+01	-1.5718e+01	0.0000e+00	0.0000e+00
3.1200e+02	1.6000e+03	-5.1614e+00	-7.6984e+00	0.0000e+00	0.0000e+00
3.6800e+02	1.6000e+03	1.5568e+01	-5.3329e+00	0.0000e+00	0.0000e+00
4.2400e+02	1.6000e+03	-1.8052e+00	-9.2002e+00	0.0000e+00	0.0000e+00
4.8000e+02	1.6000e+03	4.4572e+00	7.9743e-01	0.0000e+00	0.0000e+00
5.3600e+02	1.6000e+03	1.6289e+01	2.9368e+01	0.0000e+00	0.0000e+00
5.9200e+02	1.6000e+03	1.5777e+01	-5.2758e+00	0.0000e+00	0.0000e+00
6.4800e+02	1.6000e+03	2.6229e+01	-2.7914e+01	0.0000e+00	0.0000e+00
7.0400e+02	1.6000e+03	1.5554e+01	-3.6453e+00	0.0000e+00	0.0000e+00
7.6000e+02	1.6000e+03	1.7312e+01	3.0133e+01	0.0000e+00	0.0000e+00
8.1600e+02	1.6000e+03	-1.5831e+01	-8.8903e+00	0.0000e+00	0.0000e+00
8.7200e+02	1.6000e+03	1.2624e+01	-2.7596e+01	0.0000e+00	0.0000e+00
9.2800e+02	1.6000e+03	3.0040e+01	-6.4844e+00	0.0000e+00	0.0000e+00
9.8400e+02	1.6000e+03	-2.0615e+01	-3.7783e+00	0.0000e+00	0.0000e+00
1.0400e+03	1.6000e+03	-9.4909e-01	5.5170e+00	0.0000e+00	0.0000e+00
3.2000e+01	1.5440e+03	-1.9287e+01	-7.3219e+00	0.0000e+00	0.0000e+00
8.8000e+01	1.5440e+03	1.3710e+00	-3.2520e+00	0.0000e+00	0.0000e+00
1.4400e+02	1.5440e+03	1.5725e+01	-2.5316e+00	0.0000e+00	0.0000e+00
2.0000e+02	1.5440e+03	1.5832e+01	-1.1519e+01	0.0000e+00	0.0000e+00
2.5600e+02	1.5440e+03	-6.6340e-01	-1.5575e+01	0.0000e+00	0.0000e+00
3.1200e+02	1.5440e+03	1.5618e+01	-5.9296e+00	0.0000e+00	0.0000e+00
3.6800e+02	1.5440e+03	-5.7085e+00	-4.4663e+00	0.0000e+00	0.0000e+00
4.2400e+02	1.5440e+03	-7.2137e+00	-1.5598e+01	0.0000e+00	0.0000e+00
4.8000e+02	1.5440e+03	1.6220e+01	6.6838e+00	0.0000e+00	0.0000e+00
5.3600e+02	1.5440e+03	-5.0439e+00	3.1604e+00	0.0000e+00	0.0000e+00
5.9200e+02	1.5440e+03	2.4802e+00	1.5533e+01	0.0000e+00	0.0000e+00
6.4800e+02	1.5440e+03	7.8582e-01	-5.4581e+00	0.0000e+00	0.0000e+00
7.0400e+02	1.5440e+03	1.6092e+01	1.8091e+01	0.0000e+00	0.0000e+00
7.6000e+02	1.5440e+03	-1.5525e+01	-2.9911e+00	0.0000e+00	0.0000e+00
8.1600e+02	1.5440e+03	-2.3638e+01	3.0549e+01	0.0000e+00	0.0000e+00
8.7200e+02	1.5440e+03	1.1782e+01	1.2309e+01	0.0000e+00	0.0000e+00
9.2800e+02	1.5440e+03	-1.3119e+01	-8.8899e+00	0.0000e+00	0.0000e+00
9.8400e+02	1.5440e+03	-1.5705e+01	-2.2670e+00	0.0000e+00	0.0000e+00
1.0400e+03	1.5440e+03	1.8227e+00	3.1862e+00	0.0000e+00	0.0000e+00
3.2000e+01	1.4880e+03	-1.8224e+01	-2.7810e+01	0.0000e+00	0.0000e+00
8.8000e+01	1.4880e+03	-2.4386e-01	-1.5014e+01	0.0000e+00	0.0000e+00
1.4400e+02	1.4880e+03	3.2252e-01	2.2447e+00	0.0000e+00	0.0000e+00
2.0000e+02	1.4880e+03	-1.5508e+01	-1.8241e+01	0.0000e+00	0.0000e+00
2.5600e+02	1.4880e+03	3.0867e-01	1.5609e+01	0.0000e+00	0.0000e+00
3.1200e+02	1.4880e+03	1.9171e+00	-6.9642e+00	0.0000e+00	0.0000e+00
3.6800e+02	1.4880e+03	-2.5895e+01	-2.8783e+01	0.0000e+00	0.0000e+00
4.2400e+02	1.4880e+03	4.6384e+00	-1.5924e+01	0.0000e+00	0.0000e+00
4.8000e+02	1.4880e+03	1.2614e+01	1.0752e+01	0.0000e+00	0.0000e+00
5.3600e+02	1.4880e+03	-1.6001e+01	-2.7797e+01	0.0000e+00	0.0000e+00
5.9200e+02	1.4880e+03	4.7220e-02	1.6008e-01	0.0000e+00	0.0000e+00
6.4800e+02	1.4880e+03	1.5554e+01	-1.5673e+01	0.0000e+00	0.0000e+00
7.0400e+02	1.4880e+03	1.5580e+01	1.7458e+00	0.0000e+00	0.0000e+00
7.6000e+02	1.4880e+03	-1.5719e+01	8.5329e+00	0.0000e+00	0.0000e+00
8.1600e+02	1.4880e+03	1.1448e+01	1.0502e+01	0.0000e+00	0.0000e+00
8.7200e+02	1.4880e+03	2.5909e+01	-2.6084e+01	0.0000e+00	0.0000e+00
9.2800e+02	1.4880e+03	-1.6048e+01	-3.9564e+00	0.0000e+00	0.0000e+00
9.8400e+02	1.4880e+03	-1.0383e+01	2.9641e+01	0.0000e+00	0.0000e+00
1.0400e+03	1.4880e+03	-7.7055e+00	2.4442e+01	0.0000e+00	0.0000e+00
3.2000e+01	1.4320e+03	-1.9490e+00	8.4649e+00	0.0000e+00	0.0000e+00
8.8000e+01	1.4320e+03	2.9683e+00	1.5559e+01	0.0000e+00	0.0000e+00
1.4400e+02	1.4320e+03	1.5512e+01	-1.4751e+01	0.0000e+00	0.0000e+00
2.0000e+02	1.4320e+03	-7.6147e+00	-1.0698e+00	0.0000e+00	0.0000e+00
2.5600e+02	1.4320e+03	1.5757e+01	-9.8911e+00	0.0000e+00	0.0000e+00
3.1200e+02	1.4320e+03	1.6362e+01	-9.0205e+00	0.0000e+00	0.0000e+00
3.6800e+02	1.4320e+03	3.6802e+00	-6.9659e+00	0.0000e+00	0.0000e+00
4.2400e+02	1.4320e+03	1.3887e-01	4.5235e-01	0.0000e+00	0.0000e+00
4.8000e+02	1.4320e+03	1.3111e+01	-4.2161e+00	0.0000e+00	0.0000e+00
5.3600e+02	1.4320e+03	-1.5870e+01	-1.3812e+01	0.0000e+00	0.0000e+00
5.9200e+02	1.4320e+03	-8.9271e+00	-1.6221e+01	0.0000e+00	0.0000e+00
6.4800e+02	1.4320e+03	-2.3589e+01	3.0271e+01	0.0000e+00	0.0000e+00
7.0400e+02	1.4320e+03	1.0218e-01	-1.4025e-01	0.0000e+00	0.0000e+00
7.6000e+02	1.4320e+03	1.5814e+01	-3.5968e+00	0.0000e+00	0.0000e+00
8.1600e+02	1.4320e+03	2.9699e+01	7.9611e+00	0.0000e+00	0.0000e+00
8.7200e+02	1.4320e+03	1.9854e+00	4.9818e-01	0.0000e+00	0.0000e+00
9.2800e+02	1.4320e+03	-1.5015e+00	2.4880e+01	0.0000e+00	0.0000e+00
9.8400e+02	1.4320e+03	-4.1158e-01	-3.4199e+00	0.0000e+00	0.0000e+00
1.0400e+03	1.4320e+03	8.2538e-01	-1.5600e+01	0.0000e+00	0.0000e+00
3.2000e+01	1.3760e+03	1.5638e+01	6.0148e+00	0.0000e+00	0.0000e+00
8.8000e+01	1.3760e+03	-7.4513e+00	2.5114e+00	0.0000e+00	0.0000e+00
1.4400e+02	1.3760e+03	1.4885e+01	2.6528e+01	0.0000e+00	0.0000e+00
2.0000e+02	1.3760e+03	3.3429e+00	-5.7782e+00	0.0000e+00	0.0000e+00
2.5600e+02	1.3760e+03	1.5643e+01	-2.4624e+01	0.0000e+00	0.0000e+00
3.1200e+02	1.3760e+03	-7.9881e+00	-8.2184e+00	0.0000e+00	0.0000e+00
3.6800e+02	1.3760e+03	-6.0138e+00	-1.5904e+01	0.0000e+00	0.0000e+00
4.2400e+02	1.3760e+03	7.1400e+00	-1.5827e+01	0.0000e+00	0.0000e+00
4.8000e+02	1.3760e+03	4.3064e+00	-5.0630e+00	0.0000e+00	0.0000e+00
5.3600e+02	1.3760e+03	5.6940e-01	-3.8538e+00	0.0000e+00	0.0000e+00
5.9200e+02	1.3760e+03	-2.9901e+01	-1.5771e+01	0.0000e+00	0.0000e+00
6.4800e+02	1.3760e+03	-4.1990e+00	1.5731e+01	0.0000e+00	0.0000e+00
7.0400e+02	1.3760e+03	2.0874e+00	6.9732e-01	0.0000e+00	0.0000e+00
7.6000e+02	1.3760e+03	6.7363e+00	1.4128e+01	0.0000e+00	0.0000e+00
8.1600e+02	1.3760e+03	1.5653e+01	-1.5279e+01	0.0000e+00	0.0000e+00
8.7200e+02	1.3760e+03	1.5889e+01	8.7563e+00	0.0000e+00	0.0000e+00
9.2800e+02	1.3760e+03	-1.4575e+01	-2.5891e+01	0.0000e+00	0.0000e+00
9.8400e+02	1.3760e+03	-2.8606e-01	-2.3088e-01	0.0000e+00	0.0000e+00
1.0400e+03	1.3760e+03	-3.7478e+00	6.2798e+00	0.0000e+00	0.0000e+00
3.2000e+01	1.3200e+03	-1.5695e+01	-1.5848e+01	0.0000e+00	0.0000e+00
8.8000e+01	1.3200e+03	1.0967e+01	-1.4033e+01	0.0000e+00	0.0000e+00
1.4400e+02	1.3200e+03	1.2010e+01	-1.9010e+01	0.0000e+00	0.0000e+00
2.0000e+02	1.3200e+03	2.0977e+01	-1.6161e+01	0.0000e+00	0.0000e+00
2.5600e+02	1.3200e+03	1.6007e+01	-1.5585e+01	0.0000e+00	0.0000e+00
3.1200e+02	1.3200e+03	-2.6984e+01	-1.8402e+01	0.0000e+00	0.0000e+00
3.6800e+02	1.3200e+03	1.5678e+01	-1.5084e+01	0.0000e+00	0.0000e+00
4.2400e+02	1.3200e+03	2.9248e+01	-2.2574e+01	0.0000e+00	0.0000e+00
4.8000e+02	1.3200e+03	2.4234e+00	1.5510e+00	0.0000e+00	0.0000e+00
5.3600e+02	1.3200e+03	1.3982e+01	4.6940e+00	0.0000e+00	0.0000e+00
5.9200e+02	1.3200e+03	3.2441e+00	-2.8559e+00	0.0000e+00	0.0000e+00
6.4800e+02	1.3200e+03	1.2452e+01	1.3519e+00	0.0000e+00	0.0000e+00
7.0400e+02	1.3200e+03	-2.1631e+00	2.0122e+00	0.0000e+00	0.0000e+00
7.6000e+02	1.3200e+03	2.7980e+01	-2.9804e+01	0.0000e+00	0.0000e+00
8.1600e+02	1.3200e+03	3.9123e+00	1.3203e+01	0.0000e+00	0.0000e+00
8.7200e+02	1.3200e+03	-1.7421e+01	1.2541e+01	0.0000e+00	0.0000e+00
9.2800e+02	1.3200e+03	6.8406e+00	2.0826e+00	0.0000e+00	0.0000e+00
9.8400e+02	1.3200e+03	1.5715e+01	-4.0786e+00	0.0000e+00	0.0000e+00
1.0400e+03	1.3200e+03	-1.0719e+01	-3.8005e+00	0.0000e+00	0.0000e+00
3.2000e+01	1.2640e+03	2.6207e-01	1.0592e+00	0.0000e+00	0.0000e+00
8.8000e+01	1.2640e+03	5.7178e+00	-1.8647e+00	0.0000e+00	0.0000e+00
1.4400e+02	1.2640e+03	1.6124e+01	2.1493e+01	0.0000e+00	0.0000e+00
2.0000e+02	1.2640e+03	1.6110e+01	1.2426e+01	0.0000e+00	0.0000e+00
2.5600e+02	1.2640e+03	9.7725e+00	-1.6422e+01	0.0000e+00	0.0000e+00
3.1200e+02	1.2640e+03	1.5655e+01	-1.1295e+01	0.0000e+00	0.0000e+00
3.6800e+02	1.2640e+03	-2.2656e+00	-1.5803e+01	0.0000e+00	0.0000e+00
4.2400e+02	1.2640e+03	-1.9546e-01	2.8641e-01	0.0000e+00	0.0000e+00
4.8000e+02	1.2640e+03	1.0722e+00	-1.8695e+00	0.0000e+00	0.0000e+00
5.3600e+02	1.2640e+03	1.6457e+01	2.6995e+01	0.0000e+00	0.0000e+00
5.9200e+02	1.2640e+03	-1.0991e+01	2.6484e+01	0.0000e+00	0.0000e+00
6.4800e+02	1.2640e+03	1.5618e+01	1.4666e+00	0.0000e+00	0.0000e+00
7.0400e+02	1.2640e+03	1.5814e+01	-2.9374e+01	0.0000e+00	0.0000e+00
7.6000e+02	1.2640e+03	1.8291e+01	-7.2856e+00	0.0000e+00	0.0000e+00
8.1600e+02	1.2640e+03	-2.8706e+01	-2.4604e+01	0.0000e+00	0.0000e+00
8.7200e+02	1.2640e+03	2.3162e+01	-1.4398e+01	0.0000e+00	0.0000e+00
9.2800e+02	1.2640e+03	-2.6266e+01	-1.5891e+01	0.0000e+00	0.0000e+00
9.8400e+02	1.2640e+03	1.5627e+01	-1.5679e+01	0.0000e+00	0.0000e+00
1.0400e+03	1.2640e+03	-5.1090e+00	4.0058e-01	0.0000e+00	0.0000e+00
3.2000e+01	1.2080e+03	-1.5506e+01	-1.4911e+01	0.0000e+00	0.0000e+00
8.8000e+01	1.2080e+03	1.9817e+00	-2.0201e+00	0.0000e+00	0.0000e+00
1.4400e+02	1.2080e+03	-4.9340e+00	7.8885e-01	0.0000e+00	0.0000e+00
2.0000e+02	1.2080e+03	1.5642e+01	-6.7738e+00	0.0000e+00	0.0000e+00
2.5600e+02	1.2080e+03	1.2469e+01	8.7913e+00	0.0000e+00	0.0000e+00
3.1200e+02	1.2080e+03	2.8465e+01	2.0822e+01	0.0000e+00	0.0000e+00
3.6800e+02	1.2080e+03	-7.1251e+00	1.5399e+00	0.0000e+00	0.0000e+00
4.2400e+02	1.2080e+03	1.5688e+01	-2.8513e+00	0.0000e+00	0.0000e+00
4.8000e+02	1.2080e+03	1.5929e+01	-1.1888e+01	0.0000e+00	0.0000e+00
5.3600e+02	1.2080e+03	1.1580e+01	-4.1913e+00	0.0000e+00	0.0000e+00
5.9200e+02	1.2080e+03	-2.9160e+01	3.0991e+01	0.0000e+00	0.0000e+00
6.4800e+02	1.2080e+03	-1.5533e+01	7.1135e+00	0.0000e+00	0.0000e+00
7.0400e+02	1.2080e+03	1.5970e+01	-2.8273e+01	0.0000e+00	0.0000e+00
7.6000e+02	1.2080e+03	-1.0293e-02	-1.6343e-01	0.0000e+00	0.0000e+00
8.1600e+02	1.2080e+03	-1.7642e+01	2.2260e+01	0.0000e+00	0.0000e+00
8.7200e+02	1.2080e+03	1.5600e+01	-5.9176e+00	0.0000e+00	0.0000e+00
9.2800e+02	1.2080e+03	1.5603e+01	-2.2466e+00	0.0000e+00	0.0000e+00
9.8400e+02	1.2080e+03	9.3112e-01	-2.7765e+00	0.0000e+00	0.0000e+00
1.0400e+03	1.2080e+03	-1.1576e-01	-4.5305e+00	0.0000e+00	0.0000e+00
3.2000e+01	1.1520e+03	-9.4388e-01	-4.9880e+00	0.0000e+00	0.0000e+00
8.8000e+01	1.1520e+03	1.9923e+00	4.0350e+00	0.0000e+00	0.0000e+00
1.4400e+02	1.1520e+03	3.8974e+00	3.3453e-01	0.0000e+00	0.0000e+00
2.0000e+02	1.1520e+03	-2.8767e+01	-2.6216e+01	0.0000e+00	0.0000e+00
2.5600e+02	1.1520e+03	1.5586e+01	2.4259e+00	0.0000e+00	0.0000e+00
3.1200e+02	1.1520e+03	-3.7416e-01	2.5973e+00	0.0000e+00	0.0000e+00
3.6800e+02	1.1520e+03	2.6711e+01	-2.7787e+01	0.0000e+00	0.0000e+00
4.2400e+02	1.1520e+03	1.6245e+01	-3.7968e+00	0.0000e+00	0.0000e+00
4.8000e+02	1.1520e+03	3.2716e+00	-3.6779e+00	0.0000e+00	0.0000e+00
5.3600e+02	1.1520e+03	1.6497e+01	-1.2616e+01	0.0000e+00	0.0000e+00
5.9200e+02	1.1520e+03	7.0444e+00	-1.3868e+00	0.0000e+00	0.0000e+00
6.4800e+02	1.1520e+03	-1.9066e+01	-2.6155e+01	0.0000e+00	0.0000e+00
7.0400e+02	1.1520e+03	-4.0260e-01	-3.7842e-01	0.0000e+00	0.0000e+00
7.6000e+02	1.1520e+03	-6.4981e+00	1.5685e+00	0.0000e+00	0.0000e+00
8.1600e+02	1.1520e+03	1.5558e+01	-8.4287e+00	0.0000e+00	0.0000e+00
8.7200e+02	1.1520e+03	2.5450e+01	-1.0572e+01	0.0000e+00	0.0000e+00
9.2800e+02	1.1520e+03	-3.0701e+01	-1.2123e+01	0.0000e+00	0.0000e+00
9.8400e+02	1.1520e+03	1.6028e+01	-2.1213e+00	0.0000e+00	0.0000e+00
1.0400e+03	1.1520e+03	-1.1586e+01	-1.3955e+01	0.0000e+00	0.0000e+00
3.2000e+01	1.0960e+03	1.5567e+01	1.2628e+00	0.0000e+00	0.0000e+00
8.8000e+01	1.0960e+03	1.5698e+01	4.7698e+00	0.0000e+00	0.0000e+00
1.4400e+02	1.0960e+03	-1.1094e+01	6.1628e+00	0.0000e+00	0.0000e+00
2.0000e+02	1.0960e+03	1.5623e+01	1.1034e+01	0.0000e+00	0.0000e+00
2.5600e+02	1.0960e+03	3.9062e+00	1.0973e+01	0.0000e+00	0.0000e+00
3.1200e+02	1.0960e+03	9.7505e-02	1.8346e-01	0.0000e+00	0.0000e+00
3.6800e+02	1.0960e+03	-3.0327e+01	1.2397e+01	0.0000e+00	0.0000e+00
4.2400e+02	1.0960e+03	-1.9373e+01	2.8120e+01	0.0000e+00	0.0000e+00
4.8000e+02	1.0960e+03	1.5563e+01	-5.0618e+00	0.0000e+00	0.0000e+00
5.3600e+02	1.0960e+03	-1.5568e+01	-7.4729e+00	0.0000e+00	0.0000e+00
5.9200e+02	1.0960e+03	-2.4428e+00	6.9202e+00	0.0000e+00	0.0000e+00
6.4800e+02	1.0960e+03	1.6968e-01	-1.8340e+00	0.0000e+00	0.0000e+00
7.0400e+02	1.0960e+03	1.5572e+01	-8.5974e+00	0.0000e+00	0.0000e+00
7.6000e+02	1.0960e+03	1.5867e+01	-6.7194e+00	0.0000e+00	0.0000e+00
8.1600e+02	1.0960e+03	1.5937e+01	-6.7770e+00	0.0000e+00	0.0000e+00
8.7200e+02	1.0960e+03	-1.2996e+00	-4.8765e+00	0.0000e+00	0.0000e+00
9.2800e+02	1.0960e+03	-2.4093e+01	-4.6272e+00	0.0000e+00	0.0000e+00
9.8400e+02	1.0960e+03	-1.1383e+01	9.3155e-01	0.0000e+00	0.0000e+00
1.0400e+03	1.0960e+03	-1.7905e+00	-5.0139e+00	0.0000e+00	0.0000e+00
3.2000e+01	1.0400e+03	1.5711e+01	1.1285e+01	0.0000e+00	0.0000e+00
8.8000e+01	1.0400e+03	-3.0799e+01	2.7708e+01	0.0000e+00	0.0000e+00
1.4400e+02	1.0400e+03	1.5623e+01	6.7271e+00	0.0000e+00	0.0000e+00
2.0000e+02	1.0400e+03	-1.1405e+01	2.8151e+01	0.0000e+00	0.0000e+00
2.5600e+02	1.0400e+03	-2.3002e-01	3.3945e-01	0.0000e+00	0.0000e+00
3.1200e+02	1.0400e+03	1.5652e+01	-6.7535e+00	0.0000e+00	0.0000e+00
3.6800e+02	1.0400e+03	-1.5689e+01	-1.0670e+01	0.0000e+00	0.0000e+00
4.2400e+02	1.0400e+03	-1.8389e+01	1.8979e+01	0.0000e+00	0.0000e+00
4.8000e+02	1.0400e+03	-2.9065e+01	-9.3537e-01	0.0000e+00	0.0000e+00
5.3600e+02	1.0400e+03	1.4043e+01	-1.5159e+01	0.0000e+00	0.0000e+00
5.9200e+02	1.0400e+03	1.5691e+01	-9.1641e-01	0.0000e+00	0.0000e+00
6.4800e+02	1.0400e+03	-2.7236e+01	2.7747e+00	0.0000e+00	0.0000e+00
7.0400e+02	1.0400e+03	2.1291e-01	-6.6846e-02	0.0000e+00	0.0000e+00
7.6000e+02	1.0400e+03	-2.8847e-02	-1.1395e-01	0.0000e+00	0.0000e+00
8.1600e+02	1.0400e+03	-1.5853e+01	-4.3966e+00	0.0000e+00	0.0000e+00
8.7200e+02	1.0400e+03	-5.8883e+00	-6.1185e+00	0.0000e+00	0.0000e+00
9.2800e+02	1.0400e+03	2.6071e+01	2.1848e+01	0.0000e+00	0.0000e+00
9.8400e+02	1.0400e+03	1.4247e+00	1.7874e-01	0.0000e+00	0.0000e+00
1.0400e+03	1.0400e+03	-1.6603e+01	-2.5025e+01	0.0000e+00	0.0000e+00
3.2000e+01	9.8400e+02	8.7692e-01	5.8932e+00	0.0000e+00	0.0000e+00
8.8000e+01	9.8400e+02	1.5155e+01	6.8238e+00	0.0000e+00	0.0000e+00
1.4400e+02	9.8400e+02	-2.7150e+01	1.4299e+01	0.0000e+00	0.0000e+00
2.0000e+02	9.8400e+02	1.5747e+01	9.6290e+00	0.0000e+00	0.0000e+00
2.5600e+02	9.8400e+02	-7.6802e+00	-1.5941e+01	0.0000e+00	0.0000e+00
3.1200e+02	9.8400e+02	1.1879e+01	1.5541e-01	0.0000e+00	0.0000e+00
3.6800e+02	9.8400e+02	1.6408e+01	3.0882e+01	0.0000e+00	0.0000e+00
4.2400e+02	9.8400e+02	1.5764e+01	-8.6940e+00	0.0000e+00	0.0000e+00
4.8000e+02	9.8400e+02	6.1935e+00	-1.2806e+01	0.0000e+00	0.0000e+00
5.3600e+02	9.8400e+02	2.8564e+01	2.0522e+01	0.0000e+00	0.0000e+00
5.9200e+02	9.8400e+02	1.6094e+01	-1.4936e+01	0.0000e+00	0.0000e+00
6.4800e+02	9.8400e+02	6.0344e+00	-2.9931e+00	0.0000e+00	0.0000e+00
7.0400e+02	9.8400e+02	1.1209e+01	-1.5629e+01	0.0000e+00	0.0000e+00
7.6000e+02	9.8400e+02	7.2808e+00	5.1191e-01	0.0000e+00	0.0000e+00
8.1600e+02	9.8400e+02	-2.2338e-01	-2.7701e+01	0.0000e+00	0.0000e+00
8.7200e+02	9.8400e+02	-1.3191e+01	-1.5762e+01	0.0000e+00	0.0000e+00
9.2800e+02	9.8400e+02	-3.0764e+01	3.0686e+01	0.0000e+00	0.0000e+00
9.8400e+02	9.8400e+02	1.5674e+01	-9.7877e+00	0.0000e+00	0.0000e+00
1.0400e+03	9.8400e+02	-1.5947e+01	-1.1732e+01	0.0000e+00	0.0000e+00
3.2000e+01	9.2800e+02	1.5661e+01	4.1753e-01	0.0000e+00	0.0000e+00
8.8000e+01	9.2800e+02	1.5950e+01	-6.8020e-01	0.0000e+00	0.0000e+00
1.4400e+02	9.2800e+02	-1.1194e+01	-6.1435e-02	0.0000e+00	0.0000e+00
2.0000e+02	9.2800e+02	1.6163e+01	7.2907e+00	0.0000e+00	0.0000e+00
2.5600e+02	9.2800e+02	-1.4068e+01	-5.1556e+00	0.0000e+00	0.0000e+00
3.1200e+02	9.2800e+02	-1.6424e+01	-1.3020e+01	0.0000e+00	0.0000e+00
3.6800e+02	9.2800e+02	-7.4540e+00	-1.9700e+00	0.0000e+00	0.0000e+00
4.2400e+02	9.2800e+02	2.8097e+00	1.9889e+00	0.0000e+00	0.0000e+00
4.8000e+02	9.2800e+02	2.4642e+01	-3.0068e+01	0.0000e+00	0.0000e+00
5.3600e+02	9.2800e+02	-1.6796e+01	2.8257e+01	0.0000e+00	0.0000e+00
5.9200e+02	9.2800e+02	1.6163e+00	4.9203e-01	0.0000e+00	0.0000e+00
6.4800e+02	9.2800e+02	-1.5756e+01	1.1729e+01	0.0000e+00	0.0000e+00
7.0400e+02	9.2800e+02	1.0783e+01	-2.9136e+01	0.0000e+00	0.0000e+00
7.6000e+02	9.2800e+02	9.0885e+00	-1.5720e+01	0.0000e+00	0.0000e+00
8.1600e+02	9.2800e+02	1.5879e+01	1.9708e+01	0.0000e+00	0.0000e+00
8.7200e+02	9.2800e+02	-1.6059e+01	2.4937e+01	0.0000e+00	0.0000e+00
9.2800e+02	9.2800e+02	4.4223e+00	-9.3014e-01	0.0000e+00	0.0000e+00
9.8400e+02	9.2800e+02	-2.9232e+01	-1.9603e+01	0.0000e+00	0.0000e+00
1.0400e+03	9.2800e+02	2.9899e+01	-1.5685e+01	0.0000e+00	0.0000e+00
3.2000e+01	8.7200e+02	7.3008e-01	-1.9931e+00	0.0000e+00	0.0000e+00
8.8000e+01	8.7200e+02	-1.7438e+01	2.5858e+01	0.0000e+00	0.0000e+00
1.4400e+02	8.7200e+02	-4.1336e-01	-2.4549e+00	0.0000e+00	0.0000e+00
2.0000e+02	8.7200e+02	2.4007e+01	-2.2061e+01	0.0000e+00	0.0000e+00
2.5600e+02	8.7200e+02	1.7717e-01	1.2161e-01	0.0000e+00	0.0000e+00
3.1200e+02	8.7200e+02	-1.5664e+01	1.0319e-01	0.0000e+00	0.0000e+00
3.6800e+02	8.7200e+02	1.6371e+01	5.6754e+00	0.0000e+00	0.0000e+00
4.2400e+02	8.7200e+02	4.1668e-01	5.3074e-01	0.0000e+00	0.0000e+00
4.8000e+02	8.7200e+02	2.0881e+01	-3.3399e+00	0.0000e+00	0.0000e+00
5.3600e+02	8.7200e+02	-3.1113e+01	2.6027e+01	0.0000e+00	0.0000e+00
5.9200e+02	8.7200e+02	3.6880e-02	-8.1574e-02	0.0000e+00	0.0000e+00
6.4800e+02	8.7200e+02	1.7760e+00	4.4078e-02	0.0000e+00	0.0000e+00
7.0400e+02	8.7200e+02	-3.6287e+00	-4.2506e+00	0.0000e+00	0.0000e+00
7.6000e+02	8.7200e+02	2.6852e+01	2.1694e+01	0.0000e+00	0.0000e+00
8.1600e+02	8.7200e+02	1.5992e+01	-1.0883e+01	0.0000e+00	0.0000e+00
8.7200e+02	8.7200e+02	1.4598e+01	3.0157e+01	0.0000e+00	0.0000e+00
9.2800e+02	8.7200e+02	-1.6084e+01	3.2655e+00	0.0000e+00	0.0000e+00
9.8400e+02	8.7200e+02	-1.5515e+01	3.2730e+00	0.0000e+00	0.0000e+00
1.0400e+03	8.7200e+02	-1.3442e+01	-2.8097e+00	0.0000e+00	0.0000e+00
3.2000e+01	8.1600e+02	-1.5687e+01	-7.7224e+00	0.0000e+00	0.0000e+00
8.8000e+01	8.1600e+02	-2.1746e+00	1.1669e-01	0.0000e+00	0.0000e+00
1.4400e+02	8.1600e+02	1.9841e+00	1.6158e+01	0.0000e+00	0.0000e+00
2.0000e+02	8.1600e+02	2.0461e+01	2.3806e+01	0.0000e+00	0.0000e+00
2.5600e+02	8.1600e+02	1.5803e+01	-4.2086e+00	0.0000e+00	0.0000e+00
3.1200e+02	8.1600e+02	-1.0050e+01	5.9415e+00	0.0000e+00	0.0000e+00
3.6800e+02	8.1600e+02	1.5572e+01	5.8656e+00	0.0000e+00	0.0000e+00
4.2400e+02	8.1600e+02	-1.6948e-01	3.9450e+00	0.0000e+00	0.0000e+00
4.8000e+02	8.1600e+02	7.9509e+00	9.8854e+00	0.0000e+00	0.0000e+00
5.3600e+02	8.1600e+02	1.6607e+01	1.5871e+01	0.0000e+00	0.0000e+00
5.9200e+02	8.1600e+02	-2.7855e+01	-1.7864e+01	0.0000e+00	0.0000e+00
6.4800e+02	8.1600e+02	-9.1216e-02	1.1641e-01	0.0000e+00	0.0000e+00
7.0400e+02	8.1600e+02	5.0520e+00	2.3067e+00	0.0000e+00	0.0000e+00
7.6000e+02	8.1600e+02	-2.5585e+01	1.5757e+01	0.0000e+00	0.0000e+00
8.1600e+02	8.1600e+02	1.8400e+01	-1.4804e+01	0.0000e+00	0.0000e+00
8.7200e+02	8.1600e+02	-1.3800e-01	-4.7364e-01	0.0000e+00	0.0000e+00
9.2800e+02	8.1600e+02	-1.1931e+01	2.3807e+01	0.0000e+00	0.0000e+00
9.8400e+02	8.1600e+02	-1.6500e+01	2.6623e+01	0.0000e+00	0.0000e+00
1.0400e+03	8.1600e+02	-2.1313e+01	-2.5307e+01	0.0000e+00	0.0000e+00
3.2000e+01	7.6000e+02	1.4230e+01	-1.6205e+01	0.0000e+00	0.0000e+00
8.8000e+01	7.6000e+02	2.5147e+01	2.7116e+01	0.0000e+00	0.0000e+00
1.4400e+02	7.6000e+02	5.9285e+00	7.0782e+00	0.0000e+00	0.0000e+00
2.0000e+02	7.6000e+02	2.8619e+01	1.1125e+01	0.0000e+00	0.0000e+00
2.5600e+02	7.6000e+02	-2.5648e+01	-1.6002e+01	0.0000e+00	0.0000e+00
3.1200e+02	7.6000e+02	6.1977e+00	-1.3089e+01	0.0000e+00	0.0000e+00
3.6800e+02	7.6000e+02	-3.1298e+01	1.5596e+01	0.0000e+00	0.0000e+00
4.2400e+02	7.6000e+02	6.6888e+00	-1.2476e+01	0.0000e+00	0.0000e+00
4.8000e+02	7.6000e+02	1.5519e+01	9.2495e+00	0.0000e+00	0.0000e+00
5.3600e+02	7.6000e+02	-7.4227e+00	-1.5814e+01	0.0000e+00	0.0000e+00
5.9200e+02	7.6000e+02	5.2588e+00	-1.5690e+01	0.0000e+00	0.0000e+00
6.4800e+02	7.6000e+02	-1.4914e-02	2.7319e+01	0.0000e+00	0.0000e+00
7.0400e+02	7.6000e+02	1.6225e+00	4.6111e+00	0.0000e+00	0.0000e+00
7.6000e+02	7.6000e+02	-6.1284e+00	1.2831e+01	0.0000e+00	0.0000e+00
8.1600e+02	7.6000e+02	1.5968e+01	2.2890e+00	0.0000e+00	0.0000e+00
8.7200e+02	7.6000e+02	-1.5702e+01	-1.6044e+00	0.0000e+00	0.0000e+00
9.2800e+02	7.6000e+02	-6.3133e+00	2.4717e+01	0.0000e+00	0.0000e+00
9.8400e+02	7.6000e+02	1.8441e+01	-2.7338e+01	0.0000e+00	0.0000e+00
1.0400e+03	7.6000e+02	1.9303e+01	1.6517e+01	0.0000e+00	0.0000e+00
3.2000e+01	7.0400e+02	2.8848e+00	2.5017e-01	0.0000e+00	0.0000e+00
8.8000e+01	7.0400e+02	2.4375e-01	-2.1350e-01	0.0000e+00	0.0000e+00
1.4400e+02	7.0400e+02	4.7526e+00	-5.9855e+00	0.0000e+00	0.0000e+00
2.0000e+02	7.0400e+02	1.0844e+01	-1.5534e+01	0.0000e+00	0.0000e+00
2.5600e+02	7.0400e+02	-1.0876e+00	-1.4939e+00	0.0000e+00	0.0000e+00
3.1200e+02	7.0400e+02	4.1161e+00	-2.2996e-01	0.0000e+00	0.0000e+00
3.6800e+02	7.0400e+02	1.5594e+01	-1.6762e+00	0.0000e+00	0.0000e+00
4.2400e+02	7.0400e+02	-1.5540e+01	4.9431e+00	0.0000e+00	0.0000e+00
4.8000e+02	7.0400e+02	5.8836e+00	1.3162e+01	0.0000e+00	0.0000e+00
5.3600e+02	7.0400e+02	-7.0872e+00	1.5545e+01	0.0000e+00	0.0000e+00
5.9200e+02	7.0400e+02	7.1196e+00	1.4905e+01	0.0000e+00	0.0000e+00
6.4800e+02	7.0400e+02	-1.7775e+00	-1.9024e+01	0.0000e+00	0.0000e+00
7.0400e+02	7.0400e+02	1.5700e+01	9.3043e+00	0.0000e+00	0.0000e+00
7.6000e+02	7.0400e+02	-2.9452e+01	-8.1249e+00	0.0000e+00	0.0000e+00
8.1600e+02	7.0400e+02	-1.5817e+01	-2.3008e+00	0.0000e+00	0.0000e+00
8.7200e+02	7.0400e+02	5.7078e+00	7.9682e+00	0.0000e+00	0.0000e+00
9.2800e+02	7.0400e+02	8.6862e+00	3.2243e+00	0.0000e+00	0.0000e+00
9.8400e+02	7.0400e+02	2.7301e+00	-1.7534e+01	0.0000e+00	0.0000e+00
1.0400e+03	7.0400e+02	4.2057e-01	9.3996e-02	0.0000e+00	0.0000e+00
3.2000e+01	6.4800e+02	1.3682e+01	-1.5858e+01	0.0000e+00	0.0000e+00
8.8000e+01	6.4800e+02	1.5752e+01	-9.6419e+00	0.0000e+00	0.0000e+00
1.4400e+02	6.4800e+02	-1.5762e+01	-1.6370e+01	0.0000e+00	0.0000e+00
2.0000e+02	6.4800e+02	1.9408e+01	-2.4923e+01	0.0000e+00	0.0000e+00
2.5600e+02	6.4800e+02	1.5769e+01	-8.6208e+00	0.0000e+00	0.0000e+00
3.1200e+02	6.4800e+02	-6.6138e+00	-9.7758e+00	0.0000e+00	0.0000e+00
3.6800e+02	6.4800e+02	1.5647e+01	-3.3617e+00	0.0000e+00	0.0000e+00
4.2400e+02	6.4800e+02	-1.8703e+00	-8.1138e+00	0.0000e+00	0.0000e+00
4.8000e+02	6.4800e+02	3.7757e-01	1.5533e+01	0.0000e+00	0.0000e+00
5.3600e+02	6.4800e+02	-2.6644e+01	-4.4762e+00	0.0000e+00	0.0000e+00
5.9200e+02	6.4800e+02	-8.9274e+00	2.5991e+01	0.0000e+00	0.0000e+00
6.4800e+02	6.4800e+02	6.5509e+00	1.5872e+01	0.0000e+00	0.0000e+00
7.0400e+02	6.4800e+02	2.6646e+01	-2.5802e+01	0.0000e+00	0.0000e+00
7.6000e+02	6.4800e+02	1.7156e-01	1.7500e-01	0.0000e+00	0.0000e+00
8.1600e+02	6.4800e+02	1.5607e+01	2.4697e+00	0.0000e+00	0.0000e+00
8.7200e+02	6.4800e+02	-8.3657e+00	3.9687e-01	0.0000e+00	0.0000e+00
9.2800e+02	6.4800e+02	-2.5651e+01	-1.6116e+01	0.0000e+00	0.0000e+00
9.8400e+02	6.4800e+02	-4.7451e-01	-1.9200e+00	0.0000e+00	0.0000e+00
1.0400e+03	6.4800e+02	1.4560e+01	1.0422e+01	0.0000e+00	0.0000e+00
3.2000e+01	5.9200e+02	1.5553e+01	8.7967e+00	0.0000e+00	0.0000e+00
8.8000e+01	5.9200e+02	1.4258e+01	-9.8326e+00	0.0000e+00	0.0000e+00
1.4400e+02	5.9200e+02	-1.6919e+01	2.4787e+01	0.0000e+00	0.0000e+00
2.0000e+02	5.9200e+02	1.5703e+01	4.2445e+00	0.0000e+00	0.0000e+00
2.5600e+02	5.9200e+02	1.5488e+01	-7.9032e+00	0.0000e+00	0.0000e+00
3.1200e+02	5.9200e+02	1.8232e+01	-2.3628e+01	0.0000e+00	0.0000e+00
3.6800e+02	5.9200e+02	1.5205e-03	-5.7382e-01	0.0000e+00	0.0000e+00
4.2400e+02	5.9200e+02	-4.5674e+00	1.5569e+01	0.0000e+00	0.0000e+00
4.8000e+02	5.9200e+02	1.5927e+01	6.4689e+00	0.0000e+00	0.0000e+00
5.3600e+02	5.9200e+02	-2.7538e+01	-5.8590e+00	0.0000e+00	0.0000e+00
5.9200e+02	5.9200e+02	-3.0155e+01	2.6606e+01	0.0000e+00	0.0000e+00
6.4800e+02	5.9200e+02	-8.1916e+00	1.1018e+01	0.0000e+00	0.0000e+00
7.0400e+02	5.9200e+02	-1.7541e+00	9.0964e-01	0.0000e+00	0.0000e+00
7.6000e+02	5.9200e+02	-7.0603e+00	-1.5947e+01	0.0000e+00	0.0000e+00
8.1600e+02	5.9200e+02	1.7601e+00	9.7240e-01	0.0000e+00	0.0000e+00
8.7200e+02	5.9200e+02	-1.5657e+01	-3.6525e+00	0.0000e+00	0.0000e+00
9.2800e+02	5.9200e+02	9.3405e+00	5.7463e+00	0.0000e+00	0.0000e+00
9.8400e+02	5.9200e+02	3.8234e+00	-7.6609e-01	0.0000e+00	0.0000e+00
1.0400e+03	5.9200e+02	1.7129e-01	2.8269e+01	0.0000e+00	0.0000e+00
3.2000e+01	5.3600e+02	1.5553e+01	-2.1660e+00	0.0000e+00	0.0000e+00
8.8000e+01	5.3600e+02	1.5834e+01	-6.9612e+00	0.0000e+00	0.0000e+00
1.4400e+02	5.3600e+02	-1.4770e+01	-1.3669e+01	0.0000e+00	0.0000e+00
2.0000e+02	5.3600e+02	-9.4306e-01	1.5316e+01	0.0000e+00	0.0000e+00
2.5600e+02	5.3600e+02	1.0648e+01	-1.5977e+01	0.0000e+00	0.0000e+00
3.1200e+02	5.3600e+02	1.2808e+01	2.1154e+00	0.0000e+00	0.0000e+00
3.6800e+02	5.3600e+02	-1.0236e-01	1.5724e+01	0.0000e+00	0.0000e+00
4.2400e+02	5.3600e+02	-4.6026e+00	-1.5838e+01	0.0000e+00	0.0000e+00
4.8000e+02	5.3600e+02	-6.5157e-02	3.0933e+00	0.0000e+00	0.0000e+00
5.3600e+02	5.3600e+02	-6.1803e+00	1.5099e+01	0.0000e+00	0.0000e+00
5.9200e+02	5.3600e+02	9.5436e+00	1.6224e+01	0.0000e+00	0.0000e+00
6.4800e+02	5.3600e+02	-1.4708e+01	-1.5782e+01	0.0000e+00	0.0000e+00
7.0400e+02	5.3600e+02	8.1659e+00	-2.2621e+00	0.0000e+00	0.0000e+00
7.6000e+02	5.3600e+02	1.4639e+01	-3.0403e+00	0.0000e+00	0.0000e+00
8.1600e+02	5.3600e+02	-1.5725e+01	-6.0003e+00	0.0000e+00	0.0000e+00
8.7200e+02	5.3600e+02	-3.8366e+00	5.0986e+00	0.0000e+00	0.0000e+00
9.2800e+02	5.3600e+02	1.7118e-01	1.8940e-02	0.0000e+00	0.0000e+00
9.8400e+02	5.3600e+02	1.2077e+01	7.0868e+00	0.0000e+00	0.0000e+00
1.0400e+03	5.3600e+02	3.3431e+00	1.5769e+01	0.0000e+00	0.0000e+00
3.2000e+01	4.8000e+02	2.7630e+01	-3.0069e+01	0.0000e+00	0.0000e+00
8.8000e+01	4.8000e+02	-3.0945e+01	-2.7274e+01	0.0000e+00	0.0000e+00
1.4400e+02	4.8000e+02	-1.3929e-01	1.2927e-01	0.0000e+00	0.0000e+00
2.0000e+02	4.8000e+02	-7.2034e+00	-1.5039e+00	0.0000e+00	0.0000e+00
2.5600e+02	4.8000e+02	7.8980e+00	1.5985e+01	0.0000e+00	0.0000e+00
3.1200e+02	4.8000e+02	1.8939e+01	2.7879e+01	0.0000e+00	0.0000e+00
3.6800e+02	4.8000e+02	-1.0236e+00	-2.8109e-01	0.0000e+00	0.0000e+00
4.2400e+02	4.8000e+02	1.6787e+00	1.5545e+01	0.0000e+00	0.0000e+00
4.8000e+02	4.8000e+02	1.5736e+01	5.2786e+00	0.0000e+00	0.0000e+00
5.3600e+02	4.8000e+02	9.6760e+00	2.8784e+00	0.0000e+00	0.0000e+00
5.9200e+02	4.8000e+02	2.1609e+00	2.1917e+00	0.0000e+00	0.0000e+00
6.4800e+02	4.8000e+02	6.5935e+00	1.0493e+01	0.0000e+00	0.0000e+00
7.0400e+02	4.8000e+02	1.3113e+01	-3.0129e+01	0.0000e+00	0.0000e+00
7.6000e+02	4.8000e+02	1.5971e+01	-1.1287e+00	0.0000e+00	0.0000e+00
8.1600e+02	4.8000e+02	2.2257e+01	2.5798e+01	0.0000e+00	0.0000e+00
8.7200e+02	4.8000e+02	-6.8936e+00	-4.8673e+00	0.0000e+00	0.0000e+00
9.2800e+02	4.8000e+02	-3.0481e+01	-1.1793e+01	0.0000e+00	0.0000e+00
9.8400e+02	4.8000e+02	2.6193e+01	3.0481e+01	0.0000e+00	0.0000e+00
1.0400e+03	4.8000e+02	1.1624e+01	-1.5822e+01	0.0000e+00	0.0000e+00
3.2000e+01	4.2400e+02	3.8428e-02	7.5354e-01	0.0000e+00	0.0000e+00
8.8000e+01	4.2400e+02	2.4990e+01	-2.4153e+01	0.0000e+00	0.0000e+00
1.4400e+02	4.2400e+02	3.0182e+01	-2.1981e+01	0.0000e+00	0.0000e+00
2.0000e+02	4.2400e+02	1.4156e+01	-4.8293e+00	0.0000e+00	0.0000e+00
2.5600e+02	4.2400e+02	-1.5225e+01	9.5096e+00	0.0000e+00	0.0000e+00
3.1200e+02	4.2400e+02	1.5557e+01	1.5832e+01	0.0000e+00	0.0000e+00
3.6800e+02	4.2400e+02	-1.5791e+01	-6.7416e-01	0.0000e+00	0.0000e+00
4.2400e+02	4.2400e+02	1.5607e+01	6.4955e+00	0.0000e+00	0.0000e+00
4.8000e+02	4.2400e+02	1.8242e+01	2.0019e+01	0.0000e+00	0.0000e+00
5.3600e+02	4.2400e+02	1.5560e+01	-8.0096e+00	0.0000e+00	0.0000e+00
5.9200e+02	4.2400e+02	5.7658e+00	-1.5286e+00	0.0000e+00	0.0000e+00
6.4800e+02	4.2400e+02	3.3212e+00	3.2702e+00	0.0000e+00	0.0000e+00
7.0400e+02	4.2400e+02	-4.2320e+00	-1.0480e+01	0.0000e+00	0.0000e+00
7.6000e+02	4.2400e+02	1.5336e+01	2.9571e+00	0.0000e+00	0.0000e+00
8.1600e+02	4.2400e+02	2.5105e+01	1.5714e+01	0.0000e+00	0.0000e+00
8.7200e+02	4.2400e+02	-3.6345e-01	6.9532e+00	0.0000e+00	0.0000e+00
9.2800e+02	4.2400e+02	-3.3929e+00	-2.0998e+00	0.0000e+00	0.0000e+00
9.8400e+02	4.2400e+02	9.3958e-01	-2.3079e+00	0.0000e+00	0.0000e+00
1.0400e+03	4.2400e+02	-7.9406e+00	1.5009e+01	0.0000e+00	0.0000e+00
3.2000e+01	3.6800e+02	1.5520e+01	1.2899e+01	0.0000e+00	0.0000e+00
8.8000e+01	3.6800e+02	-6.2125e+00	-2.4454e-01	0.0000e+00	0.0000e+00
1.4400e+02	3.6800e+02	1.5738e+01	1.3430e+01	0.0000e+00	0.0000e+00
2.0000e+02	3.6800e+02	-1.4020e+01	1.4892e+01	0.0000e+00	0.0000e+00
2.5600e+02	3.6800e+02	8.0378e+00	-1.5572e+01	0.0000e+00	0.0000e+00
3.1200e+02	3.6800e+02	8.8194e+00	-1.1734e+01	0.0000e+00	0.0000e+00
3.6800e+02	3.6800e+02	1.0143e+01	1.5569e+01	0.0000e+00	0.0000e+00
4.2400e+02	3.6800e+02	-1.0897e+01	1.2894e+01	0.0000e+00	0.0000e+00
4.8000e+02	3.6800e+02	1.5593e+01	1.5803e+01	0.0000e+00	0.0000e+00
5.3600e+02	3.6800e+02	-2.4279e+01	-2.9270e+01	0.0000e+00	0.0000e+00
5.9200e+02	3.6800e+02	8.3441e-01	-2.7468e+00	0.0000e+00	0.0000e+00
6.4800e+02	3.6800e+02	1.5584e+01	1.5562e+01	0.0000e+00	0.0000e+00
7.0400e+02	3.6800e+02	6.7690e+00	1.5860e+01	0.0000e+00	0.0000e+00
7.6000e+02	3.6800e+02	-5.2297e+00	7.0233e+00	0.0000e+00	0.0000e+00
8.1600e+02	3.6800e+02	2.2065e+00	4.1777e+00	0.0000e+00	0.0000e+00
8.7200e+02	3.6800e+02	1.7238e+01	6.1600e+00	0.0000e+00	0.0000e+00
9.2800e+02	3.6800e+02	-5.3687e+00	-1.5535e+01	0.0000e+00	0.0000e+00
9.8400e+02	3.6800e+02	-6.7517e+00	-2.8947e-01	0.0000e+00	0.0000e+00
1.0400e+03	3.6800e+02	2.8649e+01	2.8202e+01	0.0000e+00	0.0000e+00
3.2000e+01	3.1200e+02	-1.3860e+01	1.3936e+01	0.0000e+00	0.0000e+00
8.8000e+01	3.1200e+02	1.5588e+01	7.3246e+00	0.0000e+00	0.0000e+00
1.4400e+02	3.1200e+02	1.6199e+01	-1.5085e+01	0.0000e+00	0.0000e+00
2.0000e+02	3.1200e+02	1.5654e+01	4.9498e+00	0.0000e+00	0.0000e+00
2.5600e+02	3.1200e+02	8.2563e+00	1.5537e+01	0.0000e+00	0.0000e+00
3.1200e+02	3.1200e+02	-9.8736e-01	7.8341e-01	0.0000e+00	0.0000e+00
3.6800e+02	3.1200e+02	1.5527e+01	1.6647e+00	0.0000e+00	0.0000e+00
4.2400e+02	3.1200e+02	4.9468e-02	-1.0543e+00	0.0000e+00	0.0000e+00
4.8000e+02	3.1200e+02	1.5921e+01	-1.5824e+01	0.0000e+00	0.0000e+00
5.3600e+02	3.1200e+02	-1.1625e+00	-9.8036e-01	0.0000e+00	0.0000e+00
5.9200e+02	3.1200e+02	1.0177e+01	1.7416e+00	0.0000e+00	0.0000e+00
6.4800e+02	3.1200e+02	-8.8483e+00	9.8788e-01	0.0000e+00	0.0000e+00
7.0400e+02	3.1200e+02	9.6142e+00	-6.9290e+00	0.0000e+00	0.0000e+00
7.6000e+02	3.1200e+02	1.4015e+01	1.5658e+01	0.0000e+00	0.0000e+00
8.1600e+02	3.1200e+02	4.2892e-01	2.1113e-01	0.0000e+00	0.0000e+00
8.7200e+02	3.1200e+02	6.9838e+00	1.6246e+00	0.0000e+00	0.0000e+00
9.2800e+02	3.1200e+02	-1.5642e+01	1.5822e+01	0.0000e+00	0.0000e+00
9.8400e+02	3.1200e+02	2.2929e+01	-2.8340e+01	0.0000e+00	0.0000e+00
1.0400e+03	3.1200e+02	-1.5963e+01	-9.6953e+00	0.0000e+00	0.0000e+00
3.2000e+01	2.5600e+02	8.3030e+00	-1.5505e+01	0.0000e+00	0.0000e+00
8.8000e+01	2.5600e+02	-6.8671e-01	7.8705e-02	0.0000e+00	0.0000e+00
1.4400e+02	2.5600e+02	6.5728e+00	-1.5643e+01	0.0000e+00	0.0000e+00
2.0000e+02	2.5600e+02	7.5506e+00	-5.1772e+00	0.0000e+00	0.0000e+00
2.5600e+02	2.5600e+02	-2.3717e+01	2.8899e+01	0.0000e+00	0.0000e+00
3.1200e+02	2.5600e+02	5.7796e+00	-1.5375e+01	0.0000e+00	0.0000e+00
3.6800e+02	2.5600e+02	7.2144e+00	-1.1036e+01	0.0000e+00	0.0000e+00
4.2400e+02	2.5600e+02	5.4187e+00	1.5626e+01	0.0000e+00	0.0000e+00
4.8000e+02	2.5600e+02	-3.2784e+00	-1.5993e+01	0.0000e+00	0.0000e+00
5.3600e+02	2.5600e+02	1.5534e+01	4.3921e+00	0.0000e+00	0.0000e+00
5.9200e+02	2.5600e+02	-5.9228e+00	4.8171e+00	0.0000e+00	0.0000e+00
6.4800e+02	2.5600e+02	-2.7660e+01	2.3008e+01	0.0000e+00	0.0000e+00
7.0400e+02	2.5600e+02	2.3973e+01	3.1330e+01	0.0000e+00	0.0000e+00
7.6000e+02	2.5600e+02	1.0023e+01	2.2830e+01	0.0000e+00	0.0000e+00
8.1600e+02	2.5600e+02	-4.8157e+00	-2.4228e-01	0.0000e+00	0.0000e+00
8.7200e+02	2.5600e+02	1.2522e-01	-2.9740e-01	0.0000e+00	0.0000e+00
9.2800e+02	2.5600e+02	1.4170e+00	5.3323e+00	0.0000e+00	0.0000e+00
9.8400e+02	2.5600e+02	-1.5617e+01	5.0761e+00	0.0000e+00	0.0000e+00
1.0400e+03	2.5600e+02	-5.7479e-02	4.8639e-01	0.0000e+00	0.0000e+00
3.2000e+01	2.0000e+02	1.5518e+01	7.7448e+00	0.0000e+00	0.0000e+00
8.8000e+01	2.0000e+02	9.8561e+00	-1.5290e+01	0.0000e+00	0.0000e+00
1.4400e+02	2.0000e+02	1.6814e-01	1.5500e+01	0.0000e+00	0.0000e+00
2.0000e+02	2.0000e+02	-1.5625e+01	-1.6722e+01	0.0000e+00	0.0000e+00
2.5600e+02	2.0000e+02	1.5602e+01	-1.5020e+01	0.0000e+00	0.0000e+00
3.1200e+02	2.0000e+02	1.0910e+01	-1.3803e+00	0.0000e+00	0.0000e+00
3.6800e+02	2.0000e+02	-7.4446e+00	-8.4175e+00	0.0000e+00	0.0000e+00
4.2400e+02	2.0000e+02	4.8489e+00	-4.0926e+00	0.0000e+00	0.0000e+00
4.8000e+02	2.0000e+02	5.0204e+00	8.9454e+00	0.0000e+00	0.0000e+00
5.3600e+02	2.0000e+02	-6.0439e+00	-3.7147e+00	0.0000e+00	0.0000e+00
5.9200e+02	2.0000e+02	-3.0197e+01	2.5797e+01	0.0000e+00	0.0000e+00
6.4800e+02	2.0000e+02	-1.5943e+01	1.5805e+01	0.0000e+00	0.0000e+00
7.0400e+02	2.0000e+02	5.0066e+00	6.1925e-01	0.0000e+00	0.0000e+00
7.6000e+02	2.0000e+02	1.3523e+00	-1.5671e+01	0.0000e+00	0.0000e+00
8.1600e+02	2.0000e+02	1.5683e+01	1.5562e+01	0.0000e+00	0.0000e+00
8.7200e+02	2.0000e+02	-1.6393e+01	1.6313e+01	0.0000e+00	0.0000e+00
9.2800e+02	2.0000e+02	1.5731e+01	8.2617e+00	0.0000e+00	0.0000e+00
9.8400e+02	2.0000e+02	-2.2939e+01	2.6806e+01	0.0000e+00	0.0000e+00
1.0400e+03	2.0000e+02	3.4027e+00	1.0052e+01	0.0000e+00	0.0000e+00
3.2000e+01	1.4400e+02	-6.4450e+00	-1.5926e+01	0.0000e+00	0.0000e+00
8.8000e+01	1.4400e+02	8.5401e+00	1.5525e+01	0.0000e+00	0.0000e+00
1.4400e+02	1.4400e+02	1.4936e+01	8.5606e+00	0.0000e+00	0.0000e+00
2.0000e+02	1.4400e+02	4.0632e+00	-9.7894e-01	0.0000e+00	0.0000e+00
2.5600e+02	1.4400e+02	1.5792e+01	-2.6953e+01	0.0000e+00	0.0000e+00
3.1200e+02	1.4400e+02	1.5601e+01	-3.8220e+00	0.0000e+00	0.0000e+00
3.6800e+02	1.4400e+02	-4.6413e+00	2.8099e+01	0.0000e+00	0.0000e+00
4.2400e+02	1.4400e+02	-2.6103e+01	2.5143e+01	0.0000e+00	0.0000e+00
4.8000e+02	1.4400e+02	-1.5650e+01	-1.5555e+01	0.0000e+00	0.0000e+00
5.3600e+02	1.4400e+02	1.0032e+00	8.4014e-01	0.0000e+00	0.0000e+00
5.9200e+02	1.4400e+02	1.5659e+01	-1.1516e+00	0.0000e+00	0.0000e+00
6.4800e+02	1.4400e+02	1.5626e+01	4.6333e+00	0.0000e+00	0.0000e+00
7.0400e+02	1.4400e+02	6.4484e+00	7.5807e+00	0.0000e+00	0.0000e+00
7.6000e+02	1.4400e+02	-1.2815e+00	1.5703e+01	0.0000e+00	0.0000e+00
8.1600e+02	1.4400e+02	1.1235e+01	-7.2917e+00	0.0000e+00	0.0000e+00
8.7200e+02	1.4400e+02	3.8312e-03	3.6753e-01	0.0000e+00	0.0000e+00
9.2800e+02	1.4400e+02	5.6915e+00	1.2803e+00	0.0000e+00	0.0000e+00
9.8400e+02	1.4400e+02	-1.6814e-01	9.9051e-02	0.0000e+00	0.0000e+00
1.0400e+03	1.4400e+02	2.5221e+01	-1.9783e+01	0.0000e+00	0.0000e+00
3.2000e+01	8.8000e+01	-1.5781e+01	-4.0056e+00	0.0000e+00	0.0000e+00
8.8000e+01	8.8000e+01	1.6448e+01	1.8894e+01	0.0000e+00	0.0000e+00
1.4400e+02	8.8000e+01	1.5537e+01	-1.1165e+01	0.0000e+00	0.0000e+00
2.0000e+02	8.8000e+01	5.8389e+00	1.5764e+01	0.0000e+00	0.0000e+00
2.5600e+02	8.8000e+01	2.4283e+01	-2.8952e+01	0.0000e+00	0.0000e+00
3.1200e+02	8.8000e+01	-1.5536e+01	-1.4209e+01	0.0000e+00	0.0000e+00
3.6800e+02	8.8000e+01	1.5052e-01	-4.8804e-01	0.0000e+00	0.0000e+00
4.2400e+02	8.8000e+01	1.0911e+00	3.1957e-01	0.0000e+00	0.0000e+00
4.8000e+02	8.8000e+01	1.1274e+00	3.6296e-01	0.0000e+00	0.0000e+00
5.3600e+02	8.8000e+01	-1.5908e+01	-1.3417e+01	0.0000e+00	0.0000e+00
5.9200e+02	8.8000e+01	1.6338e+01	-1.6085e+01	0.0000e+00	0.0000e+00
6.4800e+02	8.8000e+01	-1.8963e+00	9.6981e+00	0.0000e+00	0.0000e+00
7.0400e+02	8.8000e+01	1.6318e+01	1.1076e+00	0.0000e+00	0.0000e+00
7.6000e+02	8.8000e+01	2.6099e+01	1.8160e+01	0.0000e+00	0.0000e+00
8.1600e+02	8.8000e+01	1.7174e+00	9.2088e+00	0.0000e+00	0.0000e+00
8.7200e+02	8.8000e+01	2.1876e+01	3.0099e+01	0.0000e+00	0.0000e+00
9.2800e+02	8.8000e+01	-4.9533e+00	-2.0957e+00	0.0000e+00	0.0000e+00
9.8400e+02	8.8000e+01	5.0957e+00	1.1642e+01	0.0000e+00	0.0000e+00
1.0400e+03	8.8000e+01	-1.3829e+01	-5.5760e+00	0.0000e+00	0.0000e+00
3.2000e+01	3.2000e+01	-2.1450e-02	-7.8914e-02	0.0000e+00	0.0000e+00
8.8000e+01	3.2000e+01	-8.3525e-02	-7.2388e-02	0.0000e+00	0.0000e+00
1.4400e+02	3.2000e+01	-2.9479e+01	-2.4021e+01	0.0000e+00	0.0000e+00
2.0000e+02	3.2000e+01	7.0596e+00	2.4879e+00	0.0000e+00	0.0000e+00
2.5600e+02	3.2000e+01	1.5555e+01	1.5683e+01	0.0000e+00	0.0000e+00
3.1200e+02	3.2000e+01	-1.3367e+01	3.1259e+01	0.0000e+00	0.0000e+00
3.6800e+02	3.2000e+01	1.5824e+01	-8.4847e+00	0.0000e+00	0.0000e+00
4.2400e+02	3.2000e+01	-1.5509e+01	-1.0201e+01	0.0000e+00	0.0000e+00
4.8000e+02	3.2000e+01	1.5506e+01	1.6176e+01	0.0000e+00	0.0000e+00
5.3600e+02	3.2000e+01	-6.2143e-01	3.7827e+00	0.0000e+00	0.0000e+00
5.9200e+02	3.2000e+01	1.4071e+01	1.5502e+01	0.0000e+00	0.0000e+00
6.4800e+02	3.2000e+01	-1.5720e+01	1.5613e+01	0.0000e+00	0.0000e+00
7.0400e+02	3.2000e+01	4.1527e+00	7.5294e+00	0.0000e+00	0.0000e+00
7.6000e+02	3.2000e+01	9.1317e+00	1.5505e+01	0.0000e+00	0.0000e+00
8.1600e+02	3.2000e+01	1.7126e+01	1.5558e+01	0.0000e+00	0.0000e+00
8.7200e+02	3.2000e+01	2.1483e+01	2.3053e+01	0.0000e+00	0.0000e+00
9.2800e+02	3.2000e+01	-2.3283e+01	-8.6468e+00	0.0000e+00	0.0000e+00
9.8400e+02	3.2000e+01	-2.4746e+01	-1.3552e+00	0.0000e+00	0.0000e+00
1.0400e+03	3.2000e+01	2.4301e+01	-3.9258e+00	0.0000e+00	0.0000e+00
